sampleID	Bcells	CAFs	CD4_Tcells	CD8_Tcells	Endothelial	Macrophages	NKcells	otherCells
U2062	0.0064	0.0216	0.2212	0.0459	0.0778	9e-04	0	0.626
U0048	0.0084	0.0175	0.2702	0.0616	0.0679	3e-04	0	0.5741
U2049	0.0083	0.0201	0.2155	0.0676	0.0665	9e-04	0	0.6211
U0200	0.0056	0.0195	0.1992	0.0479	0.1224	5e-04	0	0.6048
U0125	0.0103	0.0062	0.268	0.0772	0.0413	8e-04	0	0.5961
U0007	0.0078	0.0114	0.2654	0.0644	0.0707	9e-04	0	0.5794
U1228	0.0075	0.0088	0.1843	0.0535	0.0731	5e-04	0	0.6724
U0062	0.0097	0.0055	0.2424	0.0714	0.0462	5e-04	0	0.6243
U0134	0.0067	0.0175	0.1971	0.0624	0.0968	6e-04	0	0.619
U1282	0.0104	0.0113	0.2395	0.0632	0.0385	7e-04	0	0.6364
U1177	0.0069	0.0125	0.2239	0.061	0.0907	3e-04	0	0.6047
U1330	0.0094	0.0095	0.2707	0.0732	0.0487	7e-04	0	0.5878
U0060	0.0069	0.0333	0.2706	0.0685	0.1103	0.0011	0	0.5092
U0641	0.009	0.0367	0.2674	0.0485	0.1586	7e-04	0	0.4791
U1237	0.0076	0.0209	0.1868	0.05	0.0439	0.001	0	0.6898
U0121	0.0113	0.0108	0.3156	0.073	0.0393	5e-04	0	0.5494
U0642	0.0029	0.0094	0.1973	0.0392	0.0646	6e-04	0	0.686
U1207	0.0076	0.027	0.2075	0.0637	0.0944	8e-04	0	0.5989
U0001	0.0059	0.0039	0.2271	0.0537	0.0765	5e-04	0	0.6323
U0045	0.0098	0.0109	0.2498	0.071	0.0457	0.001	0	0.6118
U0159	0.0059	0.0093	0.3026	0.0634	0.0737	0	0	0.545
U1413	0.0057	0.0168	0.1914	0.0543	0.0608	0.0011	0	0.67
U0542	0.0068	0.0052	0.2075	0.0524	0.068	7e-04	0	0.6594
U1408	0.0056	0.0175	0.2707	0.0644	0.0535	3e-04	0	0.5879
U1135	0.0052	0.0121	0.2286	0.0662	0.075	4e-04	0	0.6126
U0094	0.0094	0.0324	0.2754	0.0748	0.0543	0.0011	0	0.5526
U0069	0.0094	0.0251	0.2836	0.0656	0.0385	0.0012	0	0.5767
U1157	0.0065	0.0144	0.294	0.0663	0.1314	4e-04	0	0.487
U1061	0.0065	0.0269	0.2369	0.054	0.0727	5e-04	0	0.6025
U1050	0.0056	0.0361	0.2815	0.0407	0.0725	0.0015	0	0.5622
U0584	0.0042	0.0088	0.2105	0.0552	0.0388	0.0011	0	0.6813
U1150	0.0077	0.0517	0.2956	0.0623	0.0866	0.0019	0	0.4941
U0118	0.0091	0.04	0.2513	0.0677	0.0479	0.0013	0	0.5827
U1403	0.0068	0.0143	0.2733	0.0647	0.048	6e-04	0	0.5923
U0037	0.011	0.0115	0.2585	0.0771	0.0301	9e-04	0	0.6109
U0117	0.0077	0.0082	0.3072	0.0624	0.096	9e-04	0	0.5175
U0847	0.0072	0.0341	0.2346	0.0633	0.0694	0.0012	0	0.5902
U0011	0.006	0.0185	0.202	0.0567	0.0821	4e-04	0	0.6342
U0535	0.0076	0.0104	0.2895	0.067	0.0384	4e-04	0	0.5867
U0027	0.0099	0.0129	0.2707	0.0721	0.0529	6e-04	0	0.5808
U0095	0.0018	0.016	0.1485	0.0304	0.0931	9e-04	0	0.7093
U0612	0.0038	0.0225	0.2302	0.0467	0.0552	6e-04	0	0.6409
U0142	0.0098	0.0063	0.2352	0.0634	0.0575	6e-04	0	0.6272
U0028	0.0057	0.0231	0.2009	0.0498	0.0599	4e-04	0	0.6602
U1279	0.0072	0.0281	0.2616	0.0696	0.0468	7e-04	0	0.586
U0032	0.0116	0.0061	0.3712	0.0891	0.0324	9e-04	0	0.4886
U0102	0.0104	0.0095	0.2516	0.0686	0.1259	5e-04	0	0.5335
U0275	0.0057	0.0661	0.1665	0.0513	0.1105	8e-04	0	0.5992
U0105	0.0048	0.0087	0.2151	0.0669	0.0405	0.0012	0	0.6629
U1031	0.0035	0.0124	0.2215	0.0607	0.1044	5e-04	0	0.5971
U0026	0.0075	0.0093	0.2626	0.054	0.041	0.0027	0	0.6229
U0541	0.0041	0.0163	0.144	0.0479	0.0332	0.0019	0	0.7527
U0036	0.0074	0.0365	0.1995	0.0638	0.1367	6e-04	0	0.5555
U0046	0.0084	0.0389	0.3102	0.062	0.0566	0.0025	0	0.5215
U1043	0.0061	0.0253	0.2027	0.0577	0.0641	7e-04	0	0.6434
U0087	0.005	0.0219	0.2745	0.0605	0.0683	6e-04	0	0.5693
U0904	0.008	0.0168	0.2538	0.0612	0.0446	4e-04	0	0.6152
U1435	0.0112	0.0126	0.2813	0.0836	0.0896	0.0018	0	0.5199
U0559	0.0066	0.0248	0.2188	0.0515	0.062	0.001	0	0.6353
U1052	0.0065	0.0227	0.264	0.0605	0.0551	0.0015	0	0.5897
U1345	0.0077	0.0208	0.2396	0.0568	0.0559	5e-04	0	0.6187
U1019	0.006	0.0176	0.1814	0.0412	0.0545	5e-04	0	0.6988
U1243	0.0072	0.0121	0.2576	0.0738	0.0588	0.0022	0	0.5883
U1270	0.0065	0.0199	0.2429	0.0594	0.0527	7e-04	0	0.6178
U0268	0.0067	0.0081	0.2443	0.0671	0.0732	8e-04	0	0.5998
U1332	0.0046	0.0174	0.1612	0.0454	0.0777	0.0011	0	0.6927
U0073	0.0068	0.0265	0.1943	0.0599	0.1119	8e-04	0	0.5999
U0549	0.0083	0.0176	0.3263	0.0641	0.0426	0.0011	0	0.5401
U1427	0.0096	0.0106	0.2821	0.0747	0.0444	9e-04	0	0.5777
U0915	0.0077	0.0148	0.2568	0.0686	0.0588	8e-04	0	0.5925
U1309	0.0064	0.0135	0.2662	0.0733	0.0406	4e-04	0	0.5997
U1018	0.0056	0.0104	0.2269	0.0571	0.0619	2e-04	0	0.6378
U1317	0.0067	0.0481	0.2435	0.0731	0.054	4e-04	0	0.5741
U0583	0.0056	0.0089	0.2483	0.0598	0.0743	2e-04	0	0.6028
U0986	0.0064	0.0385	0.2443	0.0548	0.0677	9e-04	0	0.5874
U1305	0.0091	0.011	0.2379	0.0636	0.1014	3e-04	0	0.5767
U0654	0.0072	0.0276	0.2365	0.0455	0.0553	6e-04	0	0.6273
U1303	0.0091	0.0038	0.2275	0.0579	0.0698	4e-04	0	0.6316
U0580	0.0077	0.0214	0.1873	0.0594	0.0821	0.001	0	0.6411
U1368	0.007	0.01	0.257	0.0774	0.0568	4e-04	0	0.5913
U1336	0.0086	0.0175	0.3011	0.0785	0.0369	7e-04	0	0.5567
U0350	0.0069	0.0188	0.2784	0.0646	0.0578	0.0016	0	0.5719
U1346	0.0097	0.0036	0.2223	0.0895	0.0281	9e-04	0	0.6458
U1297	0.007	0.0035	0.2359	0.0643	0.0503	9e-04	0	0.638
U0605	0.01	0.0054	0.2988	0.0724	0.047	0.001	0	0.5654
U1288	0.0071	0.0077	0.2201	0.0569	0.0775	8e-04	0	0.6299
U1298	0.0085	0.0105	0.2926	0.0762	0.0568	0.0012	0	0.5541
U1356	0.006	0.008	0.1665	0.0476	0.0603	0.0011	0	0.7105
U0560	0.0064	0.0117	0.2144	0.0569	0.0767	0.001	0	0.6328
U0378	0.0079	0.0058	0.2931	0.0697	0.0342	8e-04	0	0.5885
U1231	0.0042	0.0139	0.2232	0.0509	0.1031	2e-04	0	0.6045
U1295	0.0086	0.0112	0.2488	0.0789	0.0474	0.001	0	0.6041
U1230	0.0084	0.0077	0.2346	0.066	0.0602	5e-04	0	0.6226
U1267	0.0082	0.0081	0.2366	0.0575	0.0745	4e-04	0	0.6147
U0057	0.0073	0.0043	0.2178	0.0581	0.0427	3e-04	0	0.6696
U0072	0.0021	0.0139	0.1547	0.0365	0.0548	8e-04	0	0.7371
U0024	0.0061	0.0167	0.3021	0.0237	0.0479	9e-04	0	0.6026
U0438	0.0082	0.0122	0.1783	0.048	0.0937	3e-04	0	0.6592
U0041	0.0108	0.0158	0.211	0.0572	0.0916	2e-04	0	0.6135
U0078	0.0098	0.0119	0.2892	0.0593	0.0566	1e-04	0	0.5731
U0475	0.0057	0.0201	0.1365	0.0443	0.0644	0.0018	0	0.7272
U2107	0.0063	0.0147	0.2306	0.0593	0.0429	3e-04	0	0.6459
U2026	5e-04	0.0682	0.1657	0.0388	0.1536	0.001	0	0.5722
U2027	0	0.0319	0.3098	0.0319	0.0765	1e-04	0	0.5497
U2066	0.0041	0.0927	0.1076	0.0214	0.089	0.0023	0	0.683
U2051	0.0023	0.029	0.1358	0.0614	0.1362	4e-04	0	0.6349
U2041	0.008	0.0153	0.195	0.0537	0.0726	0.0013	0	0.6542
