sampleID	Bcells	CAFs	CD4_Tcells	CD8_Tcells	Endothelial	Macrophages	NKcells	otherCells
U2046	0.0037	0.0284	0.2121	0.0503	0.0877	9e-04	0	0.6169
U2047	0.002	0.03	0.258	0.0556	0.1432	4e-04	0	0.5109
U2039	0.0036	0.0051	0.2594	0.0447	0.0667	0	0	0.6204
U2064	7e-04	0.0107	0.2936	0.042	0.1113	5e-04	0	0.5412
U0329	0.0032	0.0058	0.2484	0.052	0.0522	1e-04	0	0.6382
U0262	0.0022	0.0298	0.2638	0.0605	0.0715	2e-04	0	0.572
U2063	0.0035	0.0096	0.2757	0.0615	0.0573	4e-04	0	0.592
U1248	0.0033	0.0345	0.2692	0.049	0.1056	3e-04	0	0.5382
U2077	0	0.0044	0.2854	0.064	0.0617	0	0	0.5844
U2057	0.003	0.0166	0.3024	0.0584	0.0838	4e-04	0	0.5353
U0965	0.0013	0.0127	0.2311	0.0541	0.121	1e-04	0	0.5798
U0551	0.0049	0.0289	0.2024	0.0566	0.0492	7e-04	0	0.6573
U0794	0.0048	0.0217	0.2683	0.0721	0.0617	5e-04	0	0.5709
U0519	0.0062	0.0113	0.219	0.0498	0.0622	8e-04	0	0.6505
U0151	0.0057	0.0123	0.1994	0.055	0.0603	1e-04	0	0.6672
U2068	0.0016	0.0149	0.2231	0.0464	0.1087	2e-04	0	0.605
U0160	0.004	0.024	0.2732	0.0499	0.0615	9e-04	0	0.5865
U0638	0.0053	0.0134	0.2184	0.0564	0.0661	4e-04	0	0.6401
U0631	0.0032	0.0178	0.2268	0.0553	0.0795	1e-04	0	0.6173
U0153	0.0047	0.0109	0.268	0.0635	0.104	2e-04	0	0.5487
U0614	0.0014	0.0114	0.2521	0.0506	0.0642	1e-04	0	0.6203
U0184	0.0051	0.0112	0.2341	0.0555	0.0784	3e-04	0	0.6156
U1409	0.0046	0.0103	0.2215	0.0506	0.0656	2e-04	0	0.6472
U1434	0.0044	0.016	0.1936	0.0638	0.0614	3e-04	0	0.6604
U0615	0.0025	0.0099	0.2654	0.0575	0.0793	0	0	0.5854
U1084	0.008	0.0109	0.2256	0.073	0.0359	4e-04	0	0.6462
U1430	0.0046	0.0261	0.2194	0.0568	0.0763	3e-04	0	0.6164
U0322	0.0031	0.0229	0.2053	0.0564	0.1141	3e-04	0	0.5979
U1153	0.0093	0.0177	0.3222	0.0826	0.0554	8e-04	0	0.5121
U1108	0.0036	0.0133	0.3205	0.09	0.0549	0	0	0.5177
U0344	0.0043	0.0322	0.176	0.049	0.1221	3e-04	0	0.6161
U0531	0.0012	0.0244	0.22	0.0424	0.0511	2e-04	0	0.6607
U1146	0.0054	0.0216	0.236	0.0584	0.0694	7e-04	0	0.6086
U0199	0.0021	0.0074	0.1923	0.0421	0.0758	1e-04	0	0.6803
U0426	0.0034	0.016	0.2484	0.0375	0.0973	8e-04	0	0.5966
U1103	0.0059	0.0019	0.2775	0.0674	0.0496	1e-04	0	0.5976
U1458	0.0046	0.0129	0.1858	0.0525	0.0656	3e-04	0	0.6783
U1113	0.001	0.0206	0.3009	0.057	0.0929	0	0	0.5276
U0627	0.0035	0.0237	0.2679	0.0593	0.0885	3e-04	0	0.5568
U0494	0.0064	0.0627	0.2606	0.0597	0.0956	4e-04	0	0.5145
U0772	0.0071	0.0065	0.1923	0.0471	0.0581	7e-04	0	0.6883
U0555	0.007	0.0074	0.2481	0.0659	0.0423	6e-04	0	0.6286
U1148	0.008	0.0057	0.2592	0.0766	0.0411	1e-04	0	0.6094
U0337	0.0029	0.0212	0.2278	0.0416	0.0892	4e-04	0	0.6169
U2113	0.0017	0.0112	0.2992	0.0707	0.0412	3e-04	0	0.5756
U0154	0.0047	0.0068	0.2552	0.0589	0.0735	1e-04	0	0.6008
U0411	0.0029	0.008	0.2282	0.0564	0.0584	5e-04	0	0.6456
U0585	0.005	0.0352	0.2639	0.0656	0.163	3e-04	0	0.4671
U2116	0.0031	0.0122	0.3168	0.0573	0.0684	1e-04	0	0.5421
U1404	0.0054	0.0538	0.1922	0.0589	0.1034	3e-04	0	0.586
U0397	0.0026	0.0391	0.2592	0.0338	0.1773	0.0012	0	0.4868
U0349	0.0014	0.004	0.2891	0.0579	0.0891	2e-04	0	0.5583
U0558	0.0107	0.0076	0.2989	0.0844	0.0413	3e-04	0	0.5568
U0587	0.0028	0.0035	0.1888	0.046	0.0287	3e-04	0	0.73
U0346	0.0052	0.0199	0.2777	0.0741	0.1232	6e-04	0	0.4993
U0425	0.0028	0.007	0.2144	0.0545	0.0504	3e-04	0	0.6705
U0534	0.006	0.021	0.291	0.0665	0.0533	3e-04	0	0.5618
U0870	0.0093	0.0069	0.2311	0.0618	0.0346	7e-04	0	0.6556
U0657	0.0063	0.0165	0.2662	0.0675	0.0572	6e-04	0	0.5856
U2029	0.0018	0.0317	0.2943	0.0506	0.1113	5e-04	0	0.5099
U1388	0.0044	0.0109	0.2834	0.0771	0.0483	2e-04	0	0.5757
U1304	0.0058	0.014	0.2281	0.0427	0.0792	3e-04	0	0.63
U0550	0.0023	0.0104	0.1528	0.0473	0.0723	3e-04	0	0.7146
U0106	0.0058	0.0078	0.1877	0.0593	0.0547	1e-04	0	0.6845
U1055	0.0042	0.0115	0.1911	0.0526	0.0449	4e-04	0	0.6952
U0635	0.0027	0.0237	0.2644	0.0551	0.05	2e-04	0	0.6039
U0976	0.0037	0.0165	0.1998	0.0548	0.0821	6e-04	0	0.6425
U0439	9e-04	0.0101	0.2605	0.0554	0.0627	1e-04	0	0.6104
U0188	0.0083	0.0143	0.2468	0.0736	0.0286	7e-04	0	0.6277
U0912	0.0032	0.014	0.2784	0.0589	0.088	3e-04	0	0.5573
U0469	0.0032	0.0161	0.2	0.0639	0.0445	2e-04	0	0.672
U0461	1e-04	0.0354	0.3074	0.0431	0.1929	2e-04	0	0.421
U0261	0.0026	0.0095	0.2362	0.0494	0.0329	2e-04	0	0.6691
U0459	0.0016	0.045	0.2413	0.0688	0.0802	3e-04	0	0.5629
U1057	0.0039	0.0082	0.238	0.0547	0.0887	3e-04	0	0.6063
U0312	0	0.0197	0.1987	0.0567	0.0882	0	0	0.6367
U0316	6e-04	0.0128	0.2668	0.0465	0.0988	3e-04	0	0.5742
U0648	0.0052	0.0176	0.2372	0.0639	0.1629	1e-04	0	0.513
U0267	0.0064	0.0309	0.2061	0.0572	0.0886	3e-04	0	0.6105
U0589	0.0044	0.0167	0.2228	0.0504	0.0473	3e-04	0	0.6581
U0264	0.0089	0.0153	0.3109	0.0803	0.0621	6e-04	0	0.522
U1240	0.0018	0.0082	0.1166	0.0318	0.0733	3e-04	0	0.7679
U0655	0.0076	0.0049	0.249	0.0621	0.0673	1e-04	0	0.6091
U0598	0.0031	0.0109	0.2184	0.0482	0.0912	7e-04	0	0.6274
U0454	0.0037	0.0082	0.2307	0.0554	0.0666	4e-04	0	0.635
U1032	0.0034	0.0361	0.196	0.0491	0.0834	2e-04	0	0.632
U0421	0.0033	0.0173	0.2418	0.0577	0.1196	3e-04	0	0.5599
U1300	0.0019	0.0181	0.2426	0.054	0.0811	4e-04	0	0.6019
U1289	0.0053	0.0128	0.271	0.0575	0.0656	4e-04	0	0.5874
U1338	0.0068	0.0126	0.2641	0.0632	0.0545	3e-04	0	0.5985
U1256	0.0062	0.021	0.2266	0.0621	0.0387	3e-04	0	0.6452
U0278	0.0063	0.0133	0.2443	0.0655	0.0576	5e-04	0	0.6126
U0473	0.0059	0.0117	0.2868	0.0488	0.0756	0.0011	0	0.5702
U0437	0.0034	0.0038	0.1763	0.0518	0.0584	4e-04	0	0.7059
U0307	0.0062	0.0084	0.2632	0.0674	0.0597	3e-04	0	0.5947
U1005	0.0077	0.0124	0.3027	0.0839	0.0796	0.0011	0	0.5125
U0653	0.0038	0.0113	0.2906	0.0605	0.07	2e-04	0	0.5637
U0918	0.0078	0.0325	0.184	0.0419	0.0965	5e-04	0	0.6368
U0928	0.0034	0.0137	0.2422	0.0638	0.0439	3e-04	0	0.6327
U1307	0.0071	0.0279	0.3513	0.0678	0.0577	2e-04	0	0.488
U1271	0.0086	0.0122	0.2967	0.0764	0.0651	3e-04	0	0.5407
U0394	0.0037	0.0133	0.3252	0.0526	0.0581	1e-04	0	0.5469
U0903	0.0106	0.0042	0.403	0.0941	0.06	2e-04	0	0.4277
U1182	0.0039	0.0174	0.3342	0.0537	0.0859	1e-04	0	0.5048
U0122	0.0071	0.0191	0.3075	0.0838	0.0465	2e-04	0	0.5358
U0666	0.0064	0.0106	0.3376	0.0673	0.065	7e-04	0	0.5124
U2114	0.0014	0.0155	0.1963	0.044	0.0506	3e-04	0	0.6919
